750
1
28
871 872
94 95
285 288
474 475
114 115
808 810
179
191 195
861 862
127
422 424
48
620 622
712
241
329
347
98
140
46 47
675 676
243 244
553 558
217
22
775
401 402
313
64 65
259 262
368 371
718
254
181
546
149
532
499
723
627
66 67
256 257
166
434 437
5
652
645
35
358
233
455 458
873 876
99 101
550
125
951
570
80 82
771
560
216
476 478
59 61
364
375 376
504
728
202
599 600
745
451
740 744
846 847
287
113
494 495
583 585
899
111
20 26
581 582
34
275
982 984
134 137
382 383
9
60
197
654
109
820
677
144 146
252 253
435
268
516
270 271
265
70
246 248
337 338
436
196
306 307
701 703
615 617
54 55
697 698
302
367
997
289 290
496 498
103
286
386 388
251
567
23
958 960
161 162
231 234
153 155
343 344
466 469
818 824
483
154
572 573
840 841
929 930
147 150
536
309
644
956 957
403 405
49 51
816 817
277
361
778
332
387
138 143
14
13
606
91 93
832 833
539
210
245
148
411
96 97
457
415 417
273 280
834 835
145
768
993 995
588
345 350
481 482
936
635 636
41
433
605
964
857 858
223 224
87
211
38
183 185
805 806
77
6 8
510 511
11
298
19
391
438 443
631 632
684 685
584
501 503
894 897
937 940
638
120
889
316
736
301
272
609 612
507
430
333
168 169
40 44
328
795 796
543 544
629
626
893
10 12
156 157
537 542
855
25
602
29
765 769
610
118 119
203
21
860
866 868
662 664
205
76 79
17
990 991
751 752
657 659
779
963
4
167
799
453
129 130
139
802
575
970
470 471
198 199
173 175
330 331
394 395
421
116 117
812
729
746
106
226 227
105 108
947 949
339 341
459 461
660 661
84 85
90
314
52 53
668 670
912 915
407 408
735 737
266 269
89
300
393
225
836
706
888
416
413 414
180 182
837 838
200 204
716 717
249 250
78
442
50
479
296
68 69
370
159
464 465
325
27 30
409 410
359 363
131 133
564 566
825 828
500
647
561
509
557
707
462
81
450
228
281
335 336
852
208
36 37
497
230
73
800 801
43
633 634
92
260
24
761
352
759 760
372 373
189
724
201
121
452 454
512 513
591
176
614
7
517 518
294
898 901
785
122
141
994
916 918
922
880
484 487
468
158 160
351
107
212
624 625
311
447 449
726 731
725
472
86 88
559
477
33
348
439
923
932 934
299
525 527
884 885
261
628 630
428 432
3
576
62
0 2
996 999
738
39
135
853 856
850
681 683
214 215
209
777
63
505
278
219
741
611
977 979
530
123 124
734
910 911
126 128
488
83
618 619
722
978
213
16
222
514
869
353 355
815
467
194
267
692
324 327
274
377
774 781
187
788 789
429
132
112
74
100
826
493
551
398 399
680
102 104
320
913
882 883
170
486
317
229
813 814
349
528 529
822
142
75
616
755
184
178
279
704
174
240
389
232
247
255
924
446
406
508
574
807
714 715
688
258
319
238 242
404
879 881
545 547
369
941 943
655
312
803
485
596
171 172
291 295
164
463
727
613
305
665 666
690
797 798
939
526
456
15 18
412
236 237
987
56
593
110
293
400
594
830
502
623
397
950
908
151 152
31 32
663
480
604
713
742
533
334
356
933
297 304
384 385
719
440
362
985 988
569
490 492
650
762 763
555
323
193
770 773
891 892
821
921
809
637 643
283
732
565
192
292
648
702
282
303
379
423
756
523 524
568 571
381
848
235
519
720 721
811
45
793 794
942
541
823
460
784
549
177
520
867
767
489
641
992
42
753 758
906
374
425
342
284
340
739
919 920
639
136
673 674
315
218 221
378
695 696
671
776
346
540
220
757
186
276
554
694
71 72
667
904 909
326
687
380
878
829
743
354
905
705 709
506
730
308
952 953
444 445
962
548 552
749 750
900
441
360
473
592
679
819
239
691
658
396
448
682
831
686 689
672
708
886
420
844
263 264
642
538
640
877
515
678
747
621
656
693
849
851
786
839
357
787
531
649
926
754
601 603
854
206 207
597
321 322
163 165
390 392
431
556
733
772
859
579 580
57 58
961 965
887
863
917
874
646
766
890
669
865
804
827
864
998
792
931
971
907
365 366
780
955
764
896
972
845
875
310 318
521 522
748
491
976
790
842
954
986
948
791
586 587
969
710 711
902 903
595 598
935
925
938
967 968
418 419
534 535
188 190
973 974
975
870
989
426 427
945 946
843
966
983
895
944
927 928
651 653
914
959
980 981
562 563
607 608
577 578
589 590
699 700
782 783
