1000
2 0 1 3
2 0 1 3
9 163 153 196
3 2 2 4
10 354 334 336
7 36 46 46
3 2 4 2
8 97 88 71
6 20 26 18
2 2 2 0
2 1 1 2
5 13 13 6
12 1323 1388 1385
4 3 7 6
1 0 1 1
3 5 2 1
7 43 38 47
11 704 663 681
9 168 170 174
2 2 1 1
10 329 373 322
9 178 163 171
7 47 43 38
7 41 32 55
3 4 1 3
7 43 50 35
8 94 83 79
2 2 2 0
1 1 1 0
8 101 72 83
2 1 2 1
2 1 2 1
7 39 46 43
2 2 1 1
8 79 88 89
6 28 20 16
10 326 355 343
3 2 4 2
4 4 5 7
12 1363 1343 1390
9 143 191 178
2 2 0 2
11 655 657 736
3 1 2 5
6 25 24 15
7 36 48 44
11 680 684 684
11 694 650 704
8 82 82 92
12 1398 1350 1348
6 20 21 23
7 42 47 39
10 336 341 347
7 43 48 37
7 51 39 38
6 24 22 18
2 1 0 3
9 165 171 176
6 24 24 16
6 23 23 18
4 8 2 6
11 693 682 673
6 18 24 22
9 166 177 169
5 10 11 11
4 5 5 6
11 688 671 689
11 703 678 667
2 0 2 2
3 3 1 4
2 1 1 2
6 25 18 21
9 156 171 185
10 351 321 352
8 89 84 83
8 104 76 76
1 1 1 0
5 10 10 12
1 0 1 1
9 176 170 166
11 708 676 664
10 330 343 351
6 21 18 25
12 1340 1383 1373
7 43 46 39
9 153 175 184
10 352 338 334
2 0 3 1
11 702 668 678
11 655 701 692
6 24 22 18
6 16 26 22
4 4 7 5
8 82 99 75
12 1432 1291 1373
4 7 2 7
10 347 324 353
3 3 3 2
5 13 10 9
11 656 704 688
10 324 380 320
8 92 75 89
5 13 11 8
9 190 159 163
8 96 78 82
7 44 44 40
7 45 46 37
12 1423 1339 1334
4 6 7 3
8 84 87 85
6 23 21 20
2 1 2 1
8 87 88 81
2 0 1 3
7 45 41 42
6 19 24 21
5 12 15 5
12 1321 1417 1358
8 89 80 87
6 21 19 24
7 34 50 44
10 330 347 347
9 172 177 163
8 90 89 77
7 42 40 46
8 80 93 83
12 1423 1311 1362
6 20 22 22
2 1 2 1
12 1388 1329 1379
5 9 11 12
3 5 2 1
7 47 39 42
8 87 83 86
1 1 1 0
4 8 2 6
7 42 44 42
3 2 2 4
11 736 693 619
12 1391 1366 1339
6 25 19 20
4 4 8 4
5 9 11 12
2 1 1 2
11 680 694 674
1 0 0 2
12 1375 1363 1358
8 84 86 86
7 44 37 47
9 165 178 169
1 0 1 1
3 2 3 3
7 44 39 45
4 7 3 6
10 344 321 359
11 674 665 709
5 8 7 17
11 660 686 702
1 0 0 2
10 371 324 329
4 6 5 5
12 1396 1312 1388
8 86 86 84
9 147 178 187
1 2 0 0
7 60 32 36
12 1384 1339 1373
6 21 15 28
11 677 705 666
6 26 21 17
7 51 38 39
8 83 89 84
4 6 7 3
3 6 1 1
6 29 22 13
11 718 673 657
3 3 2 3
7 43 39 46
6 25 20 19
2 0 2 2
8 90 80 86
1 0 1 1
5 7 16 9
9 168 173 171
10 352 346 326
1 1 1 0
5 11 11 10
5 15 10 7
2 1 2 1
4 6 2 8
11 680 703 665
10 359 326 339
6 18 25 21
6 27 12 25
1 2 0 0
11 688 692 668
3 3 3 2
12 1411 1320 1365
5 7 12 13
7 42 42 44
10 335 344 345
1 1 1 0
1 1 0 1
5 13 13 6
4 4 7 5
11 726 679 643
12 1355 1367 1374
4 6 5 5
6 22 26 16
5 11 8 13
11 694 681 673
4 6 6 4
7 39 44 45
8 79 92 85
1 1 1 0
1 2 0 0
6 25 20 19
12 1375 1412 1309
6 29 17 18
11 688 687 673
3 4 1 3
5 11 11 10
10 338 348 338
7 38 38 52
1 1 0 1
3 1 3 4
11 668 681 699
3 1 3 4
5 9 13 10
4 7 4 5
1 1 0 1
6 21 20 23
2 3 0 1
8 90 79 87
4 5 4 7
8 84 84 88
11 661 711 676
1 0 0 2
11 689 697 662
10 350 323 351
10 333 349 342
2 3 1 0
1 1 1 0
2 2 0 2
5 9 8 15
8 79 97 80
8 90 76 90
9 188 188 136
1 0 1 1
11 688 658 702
7 42 44 42
10 358 344 322
11 685 665 698
2 1 1 2
7 39 37 52
9 163 184 165
6 21 22 21
3 7 0 1
8 86 80 90
3 2 4 2
3 2 1 5
6 20 27 17
2 1 1 2
10 343 331 350
8 97 78 81
8 82 89 85
3 3 3 2
5 13 10 9
9 158 171 183
11 674 689 685
3 5 2 1
11 666 707 675
9 171 171 170
2 1 1 2
12 1377 1372 1347
4 5 6 5
10 345 320 359
3 4 2 2
8 83 93 80
5 9 14 9
5 8 13 11
12 1357 1371 1368
11 663 708 677
10 365 325 334
2 0 2 2
6 21 18 25
11 656 718 674
9 178 160 174
10 323 349 352
2 0 2 2
7 43 45 40
7 45 40 43
4 5 6 5
8 95 74 87
1 1 0 1
4 3 5 8
1 0 0 2
2 2 0 2
8 99 78 79
12 1364 1380 1352
4 4 5 7
10 331 333 360
12 1338 1383 1375
9 166 153 193
3 2 4 2
12 1394 1301 1401
5 9 11 12
5 13 13 6
8 82 92 82
8 87 82 87
11 672 706 670
10 334 349 341
6 17 28 19
12 1375 1335 1386
5 12 12 8
4 9 4 3
11 702 691 655
8 102 78 76
10 330 353 341
1 0 1 1
8 96 83 77
1 1 1 0
6 17 23 24
12 1358 1376 1362
7 35 46 47
9 176 173 163
5 12 11 9
9 168 175 169
8 96 74 86
5 8 8 16
4 4 8 4
8 96 78 82
8 89 84 83
5 11 15 6
1 1 1 0
11 722 661 665
9 185 152 175
9 166 173 173
9 162 177 173
2 0 3 1
9 169 168 175
4 9 2 5
4 5 5 6
5 11 11 10
3 1 4 3
9 166 161 185
7 56 41 31
11 676 690 682
4 7 6 3
6 20 19 25
12 1368 1332 1396
7 36 42 50
2 1 0 3
4 4 6 6
10 336 328 360
9 160 177 175
2 1 1 2
3 2 2 4
6 19 23 22
5 12 10 10
5 12 11 9
8 94 78 84
8 89 72 95
5 9 7 16
5 11 13 8
9 158 166 188
12 1309 1362 1425
4 6 4 6
7 35 48 45
11 674 716 658
12 1378 1412 1306
3 4 3 1
5 11 14 7
9 163 189 160
8 88 82 86
3 1 2 5
11 689 704 655
5 10 12 10
9 178 152 182
12 1379 1353 1364
2 1 2 1
5 8 10 14
7 38 42 48
7 39 50 39
8 80 77 99
9 181 158 173
3 2 4 2
6 31 16 17
7 45 38 45
2 0 2 2
1 0 0 2
6 25 23 16
3 4 2 2
6 20 22 22
5 11 11 10
7 40 45 43
6 20 18 26
6 28 17 19
8 79 88 89
11 690 679 679
8 82 77 97
11 646 684 718
1 0 0 2
4 6 2 8
12 1290 1423 1383
4 3 7 6
10 332 340 352
9 188 157 167
8 91 83 82
7 45 45 38
9 171 180 161
7 49 47 32
2 1 1 2
8 70 100 86
4 3 8 5
10 329 352 343
2 1 1 2
11 668 683 697
1 2 0 0
3 5 2 1
10 341 321 362
2 0 0 4
8 86 84 86
9 153 191 168
4 4 8 4
12 1340 1384 1372
12 1381 1356 1359
3 3 4 1
9 160 189 163
8 81 84 91
5 15 8 9
6 21 25 18
11 676 703 669
12 1430 1365 1301
8 81 79 96
6 24 20 20
6 13 22 29
4 5 4 7
12 1337 1415 1344
6 20 20 24
6 21 21 22
8 88 85 83
10 345 313 366
12 1399 1356 1341
2 2 1 1
8 98 85 73
3 3 4 1
9 163 183 166
3 2 2 4
1 1 0 1
11 701 678 669
12 1303 1384 1409
1 0 0 2
7 43 48 37
11 684 695 669
9 172 174 166
6 22 24 18
7 35 48 45
6 24 16 24
6 29 22 13
7 48 38 42
8 87 83 86
12 1390 1356 1350
10 353 333 338
3 2 4 2
11 700 697 651
9 164 160 188
1 0 0 2
5 10 14 8
2 2 0 2
4 8 5 3
12 1386 1376 1334
11 688 715 645
11 695 677 676
9 161 179 172
1 1 1 0
10 335 334 355
5 10 12 10
12 1390 1409 1297
5 9 9 14
12 1274 1416 1406
4 5 7 4
5 11 14 7
4 7 5 4
7 42 48 38
6 23 25 16
9 155 178 179
5 7 16 9
12 1376 1353 1367
8 85 86 85
9 172 163 177
12 1395 1331 1370
12 1374 1378 1344
7 49 36 43
5 14 9 9
5 13 8 11
11 677 672 699
6 19 26 19
2 1 1 2
7 39 45 44
6 23 17 24
5 12 9 11
12 1353 1452 1291
6 23 22 19
2 1 2 1
3 3 0 5
5 10 10 12
6 21 25 18
8 78 89 89
7 43 43 42
2 1 2 1
6 21 21 22
12 1353 1345 1398
8 90 83 83
5 12 11 9
12 1418 1315 1363
8 102 70 84
9 172 180 160
1 1 1 0
2 2 1 1
6 24 21 19
3 4 0 4
8 93 91 72
11 708 664 676
12 1367 1334 1395
1 0 1 1
4 5 7 4
2 2 1 1
10 362 334 328
8 80 87 89
5 9 10 13
10 345 338 341
2 1 3 0
9 184 174 154
1 1 1 0
9 173 189 150
1 0 2 0
11 721 678 649
9 165 178 169
4 6 5 5
4 2 8 6
9 186 154 172
9 173 173 166
12 1341 1348 1407
10 344 348 332
11 660 710 678
6 22 22 20
11 693 683 672
7 42 39 47
1 1 1 0
5 11 11 10
5 11 12 9
12 1401 1352 1343
2 2 2 0
3 4 2 2
8 89 87 80
2 2 0 2
6 19 23 22
5 10 10 12
4 4 4 8
2 0 3 1
7 42 39 47
12 1363 1340 1393
5 10 11 11
11 699 708 641
1 1 0 1
9 174 162 176
7 38 46 44
2 2 0 2
1 1 0 1
1 1 0 1
8 82 89 85
1 0 2 0
4 2 7 7
9 164 163 185
5 9 11 12
2 0 2 2
4 7 4 5
5 16 9 7
7 38 38 52
2 3 0 1
8 80 98 78
10 352 317 355
8 77 108 71
5 14 7 11
1 1 0 1
9 184 179 149
5 12 12 8
8 81 76 99
3 3 3 2
7 54 37 37
5 11 8 13
8 86 78 92
4 7 4 5
6 20 25 19
2 0 0 4
9 167 177 168
4 3 4 9
12 1404 1352 1340
6 20 23 21
9 170 202 140
12 1325 1372 1399
11 672 656 720
11 738 663 647
4 5 6 5
4 4 5 7
5 8 9 15
12 1453 1310 1333
2 1 1 2
6 25 16 23
8 93 77 86
9 156 179 177
7 40 51 37
10 342 338 344
3 4 2 2
4 4 4 8
3 2 3 3
6 20 26 18
6 23 14 27
7 36 48 44
4 3 8 5
2 2 1 1
12 1416 1345 1335
1 1 1 0
7 46 34 48
4 5 5 6
11 680 682 686
4 8 3 5
6 26 18 20
6 20 24 20
1 0 2 0
8 93 78 85
6 21 22 21
1 1 1 0
2 1 2 1
12 1381 1368 1347
7 38 54 36
4 2 7 7
3 4 1 3
7 38 46 44
6 21 19 24
7 37 52 39
4 3 7 6
12 1354 1383 1359
9 170 198 144
4 4 4 8
11 693 672 683
3 2 3 3
3 2 2 4
11 703 685 660
9 179 174 159
4 7 5 4
11 668 693 687
11 676 692 680
4 4 6 6
9 174 150 188
2 2 1 1
4 7 5 4
6 26 19 19
1 1 0 1
2 2 0 2
7 35 40 53
6 25 21 18
5 12 9 11
3 2 4 2
7 41 46 41
11 677 686 685
10 323 357 344
1 0 0 2
1 0 0 2
11 690 688 670
10 371 333 320
2 1 1 2
8 76 90 90
4 5 3 8
8 85 87 84
10 357 316 351
10 333 365 326
11 688 655 705
11 658 699 691
2 1 0 3
7 32 48 48
10 324 364 336
11 682 662 704
11 658 657 733
2 2 0 2
1 1 0 1
3 1 2 5
7 36 53 39
1 1 0 1
11 706 677 665
12 1333 1346 1417
8 92 86 78
5 9 15 8
6 17 23 24
12 1340 1370 1386
2 2 1 1
5 9 9 14
11 665 679 704
12 1317 1333 1446
11 693 673 682
12 1379 1320 1397
5 12 8 12
2 0 3 1
8 90 77 89
1 0 1 1
1 0 1 1
11 642 708 698
8 87 87 82
3 2 3 3
2 3 0 1
11 687 676 685
10 348 349 327
12 1291 1416 1389
7 46 43 39
7 34 43 51
2 1 1 2
2 1 2 1
10 353 329 342
4 5 4 7
4 3 7 6
4 6 5 5
9 183 154 175
4 7 4 5
4 7 3 6
8 85 83 88
4 6 7 3
3 3 4 1
9 164 173 175
2 3 1 0
8 92 83 81
6 19 23 22
4 5 7 4
4 7 5 4
5 8 12 12
7 38 46 44
11 668 694 686
1 0 0 2
4 4 6 6
10 361 322 341
2 1 3 0
11 675 692 681
11 687 641 720
1 1 0 1
3 1 2 5
2 3 1 0
1 1 0 1
4 7 5 4
4 7 4 5
6 15 24 25
8 78 85 93
2 0 2 2
4 4 6 6
7 52 43 33
1 1 0 1
9 159 166 187
9 166 162 184
9 159 184 169
5 7 15 10
12 1358 1340 1398
7 36 41 51
9 159 176 177
9 170 175 167
4 2 8 6
9 169 177 166
3 3 4 1
6 23 22 19
10 314 358 352
9 179 168 165
3 1 3 4
7 42 46 40
7 45 35 48
3 0 2 6
12 1343 1417 1336
12 1365 1329 1402
4 7 5 4
7 48 41 39
3 4 2 2
12 1369 1363 1364
2 0 0 4
3 3 4 1
3 3 2 3
12 1347 1374 1375
6 26 16 22
5 9 12 11
2 1 0 3
3 2 4 2
7 41 44 43
6 23 22 19
8 96 80 80
2 1 2 1
2 1 1 2
6 24 16 24
6 25 15 24
11 667 678 703
3 2 4 2
10 333 374 317
2 0 2 2
10 344 354 326
1 1 0 1
9 191 163 158
11 696 675 677
8 81 92 83
10 342 342 340
6 19 19 26
4 5 3 8
2 1 2 1
9 192 175 145
10 369 337 318
11 693 697 658
8 82 90 84
2 2 2 0
2 1 1 2
2 1 2 1
9 155 195 162
8 92 96 68
8 88 80 88
12 1377 1397 1322
10 333 343 348
6 23 28 13
4 2 4 10
10 351 319 354
5 12 9 11
6 18 25 21
11 710 660 678
9 167 174 171
11 649 701 698
10 362 338 324
1 0 0 2
12 1378 1359 1359
2 0 4 0
12 1353 1353 1390
4 6 5 5
9 168 175 169
8 91 91 74
8 90 80 86
6 23 20 21
8 94 77 85
6 17 22 25
1 1 1 0
3 1 5 2
9 176 164 172
3 0 3 5
6 23 26 15
4 6 6 4
3 1 4 3
2 1 2 1
7 41 45 42
2 0 2 2
7 52 30 46
2 1 1 2
3 4 4 0
9 178 180 154
3 4 2 2
5 17 5 10
7 42 41 45
9 165 186 161
5 9 10 13
2 1 3 0
5 8 9 15
3 3 3 2
7 37 45 46
8 100 78 78
10 338 344 342
7 42 42 44
8 83 83 90
4 6 3 7
12 1295 1370 1431
7 38 46 44
6 25 17 22
7 44 41 43
9 163 182 167
12 1306 1360 1430
2 3 1 0
12 1392 1386 1318
11 696 691 661
8 87 85 84
9 196 164 152
10 337 362 325
3 5 3 0
10 350 325 349
7 46 40 42
5 15 5 12
7 39 48 41
11 694 701 653
2 2 2 0
10 341 346 337
8 87 75 94
7 37 39 52
2 1 0 3
5 8 8 16
7 51 37 40
5 9 14 9
9 154 167 191
4 4 4 8
12 1343 1374 1379
4 4 5 7
2 2 1 1
7 48 40 40
2 2 2 0
10 335 334 355
3 1 6 1
3 4 1 3
7 47 37 44
4 5 8 3
9 154 181 177
12 1368 1327 1401
12 1375 1327 1394
7 62 31 35
6 19 25 20
10 334 335 355
6 25 21 18
4 8 5 3
5 9 16 7
2 0 2 2
4 6 7 3
12 1375 1406 1315
12 1373 1352 1371
7 55 41 32
6 26 19 19
6 22 18 24
2 2 2 0
8 83 93 80
5 12 10 10
3 3 4 1
4 4 6 6
6 34 17 13
3 3 1 4
12 1344 1399 1353
8 85 94 77
8 75 83 98
7 36 53 39
11 685 691 672
4 5 5 6
3 3 2 3
4 3 10 3
4 2 5 9
4 4 7 5
11 680 722 646
2 2 0 2
8 86 84 86
4 7 4 5
1 1 1 0
9 171 167 174
3 3 1 4
3 2 3 3
7 50 35 43
4 7 6 3
3 4 0 4
4 4 7 5
3 3 4 1
10 344 339 341
5 11 12 9
8 92 75 89
6 29 18 17
9 175 158 179
5 12 9 11
9 158 173 181
12 1358 1351 1387
2 1 3 0
3 2 3 3
11 690 709 649
7 45 31 52
3 0 2 6
7 44 37 47
9 176 166 170
12 1389 1302 1405
6 23 20 21
12 1427 1389 1280
1 1 1 0
9 163 181 168
4 5 7 4
2 1 1 2
1 0 1 1
2 0 3 1
12 1371 1404 1321
4 5 3 8
12 1392 1365 1339
10 337 326 361
7 47 31 50
4 5 6 5
4 6 6 4
10 338 332 354
1 2 0 0
4 3 10 3
12 1336 1382 1378
5 10 12 10
2 1 2 1
10 337 327 360
7 47 46 35
12 1376 1387 1333
9 154 172 186
5 12 8 12
6 23 12 29
2 2 1 1
4 3 6 7
2 1 2 1
4 6 6 4
1 1 1 0
4 3 5 8
