636
0 0 0 11
0 11 0 22
0 22 0 33
0 34 0 45
0 45 0 56
1 0 1 11
1 18 1 29
1 29 1 40
2 1 2 12
2 12 2 23
2 24 2 35
2 35 2 46
2 46 2 57
3 0 3 11
3 15 3 26
3 38 3 49
3 49 3 60
4 2 4 13
4 13 4 24
4 25 4 36
4 40 4 51
5 1 5 12
5 12 5 23
5 31 5 42
5 48 5 59
6 36 6 47
6 47 6 58
7 0 7 11
7 11 7 22
7 36 7 47
8 1 8 12
8 12 8 23
8 23 8 34
8 37 8 48
8 48 8 59
9 0 9 11
9 39 9 50
10 0 10 11
10 13 10 24
10 24 10 35
10 35 10 46
10 46 10 57
11 11 11 22
11 22 11 33
11 39 11 50
12 7 12 18
12 38 12 49
12 49 12 60
13 25 13 36
14 8 14 19
14 22 14 33
14 33 14 44
15 23 15 34
16 0 16 11
16 11 16 22
16 22 16 33
16 37 16 48
16 48 16 59
17 0 17 11
17 11 17 22
17 25 17 36
17 36 17 47
18 0 18 11
18 11 18 22
18 24 18 35
18 43 18 54
19 0 19 11
19 18 19 29
19 29 19 40
19 40 19 51
20 0 20 11
20 11 20 22
20 30 20 41
21 0 21 11
21 11 21 22
21 44 21 55
22 0 22 11
22 40 22 51
23 1 23 12
23 12 23 23
23 23 23 34
23 34 23 45
24 0 24 11
24 11 24 22
25 0 25 11
25 33 25 44
25 44 25 55
26 13 26 24
26 31 26 42
27 0 27 11
27 12 27 23
27 33 27 44
28 5 28 16
28 45 28 56
29 0 29 11
29 14 29 25
29 48 29 59
30 0 30 11
30 17 30 28
30 38 30 49
30 49 30 60
31 0 31 11
31 11 31 22
31 22 31 33
31 33 31 44
31 44 31 55
32 4 32 15
32 31 32 42
32 48 32 59
33 0 33 11
33 14 33 25
33 41 33 52
34 6 34 17
34 27 34 38
35 0 35 11
35 12 35 23
35 23 35 34
35 42 35 53
36 0 36 11
36 11 36 22
36 45 36 56
37 0 37 11
37 15 37 26
37 26 37 37
39 0 39 11
39 15 39 26
39 26 39 37
39 37 39 48
40 0 40 11
40 11 40 22
40 22 40 33
40 33 40 44
40 44 40 55
41 5 41 16
41 16 41 27
41 27 41 38
42 0 42 11
42 11 42 22
42 22 42 33
42 33 42 44
42 44 42 55
43 0 43 11
43 11 43 22
43 48 43 59
44 0 44 11
44 16 44 27
44 31 44 42
44 42 44 53
45 0 45 11
45 19 45 30
45 34 45 45
45 45 45 56
46 0 46 11
46 11 46 22
46 23 46 34
46 34 46 45
46 45 46 56
47 0 47 11
47 11 47 22
47 22 47 33
47 33 47 44
48 0 48 11
48 11 48 22
48 24 48 35
48 35 48 46
48 46 48 57
49 0 49 11
49 11 49 22
49 24 49 35
49 35 49 46
49 46 49 57
50 0 50 11
50 11 50 22
50 22 50 33
50 33 50 44
50 44 50 55
51 0 51 11
51 19 51 30
52 1 52 12
52 12 52 23
52 26 52 37
52 37 52 48
52 48 52 59
53 0 53 11
53 21 53 32
53 44 53 55
54 11 54 22
54 22 54 33
55 6 55 17
55 17 55 28
55 28 55 39
55 49 55 60
56 0 56 11
56 19 56 30
56 30 56 41
56 41 56 52
57 0 57 11
57 11 57 22
57 23 57 34
57 35 57 46
58 1 58 12
58 12 58 23
58 24 58 35
58 35 58 46
58 46 58 57
59 0 59 11
59 25 59 36
60 17 60 28
60 28 60 39
61 3 61 14
61 14 61 25
61 26 61 37
61 37 61 48
62 6 62 17
62 17 62 28
62 28 62 39
62 46 62 57
63 11 63 22
63 25 63 36
63 36 63 47
64 0 64 11
64 15 64 26
64 26 64 37
65 0 65 11
65 28 65 39
65 39 65 50
66 0 66 11
66 18 66 29
66 29 66 40
66 40 66 51
67 0 67 11
67 11 67 22
67 39 67 50
68 7 68 18
68 18 68 29
68 29 68 40
69 0 69 11
69 11 69 22
69 22 69 33
69 33 69 44
70 0 70 11
70 15 70 26
70 26 70 37
71 0 71 11
71 14 71 25
71 34 71 45
71 45 71 56
72 29 72 40
72 40 72 51
73 1 73 12
73 12 73 23
73 25 73 36
73 36 73 47
74 0 74 11
74 11 74 22
74 22 74 33
74 34 74 45
74 45 74 56
75 0 75 11
75 11 75 22
75 27 75 38
75 38 75 49
75 49 75 60
76 0 76 11
76 38 76 49
76 49 76 60
77 2 77 13
77 16 77 27
77 27 77 38
77 38 77 49
77 49 77 60
78 4 78 15
78 15 78 26
78 26 78 37
78 37 78 48
78 48 78 59
79 0 79 11
79 11 79 22
79 23 79 34
79 34 79 45
79 45 79 56
80 12 80 23
80 26 80 37
80 43 80 54
81 14 81 25
81 25 81 36
81 36 81 47
82 0 82 11
82 11 82 22
82 22 82 33
82 33 82 44
82 45 82 56
83 19 83 30
83 30 83 41
83 43 83 54
84 27 84 38
84 38 84 49
85 0 85 11
85 11 85 22
85 22 85 33
85 33 85 44
86 13 86 24
86 44 86 55
87 0 87 11
87 18 87 29
87 44 87 55
88 7 88 18
88 24 88 35
88 35 88 46
89 0 89 11
89 11 89 22
89 22 89 33
89 33 89 44
90 10 90 21
90 21 90 32
90 32 90 43
91 2 91 13
91 13 91 24
91 48 91 59
92 0 92 11
92 12 92 23
92 23 92 34
92 34 92 45
92 45 92 56
93 0 93 11
93 11 93 22
93 22 93 33
93 34 93 45
93 45 93 56
94 0 94 11
94 11 94 22
94 24 94 35
94 35 94 46
94 46 94 57
95 5 95 16
95 16 95 27
95 27 95 38
96 0 96 11
96 11 96 22
96 22 96 33
96 41 96 52
97 0 97 11
97 17 97 28
97 29 97 40
97 40 97 51
98 13 98 24
98 24 98 35
99 0 99 11
99 11 99 22
99 31 99 42
99 44 99 55
100 8 100 19
100 19 100 30
100 30 100 41
100 46 100 57
101 0 101 11
101 11 101 22
101 22 101 33
101 33 101 44
101 44 101 55
102 4 102 15
102 15 102 26
102 26 102 37
102 47 102 58
103 0 103 11
103 25 103 36
103 45 103 56
104 0 104 11
104 34 104 45
104 45 104 56
105 0 105 11
105 18 105 29
105 29 105 40
105 40 105 51
106 0 106 11
106 13 106 24
107 0 107 11
107 28 107 39
108 3 108 14
108 16 108 27
108 40 108 51
109 15 109 26
109 37 109 48
109 48 109 59
110 0 110 11
110 18 110 29
110 34 110 45
110 45 110 56
111 17 111 28
111 31 111 42
111 42 111 53
112 3 112 14
112 14 112 25
112 25 112 36
112 37 112 48
112 48 112 59
113 19 113 30
113 30 113 41
113 45 113 56
114 0 114 11
114 11 114 22
114 24 114 35
114 35 114 46
114 46 114 57
115 3 115 14
115 14 115 25
115 44 115 55
116 0 116 11
116 11 116 22
116 37 116 48
117 0 117 11
117 11 117 22
117 22 117 33
118 6 118 17
118 17 118 28
118 31 118 42
118 42 118 53
119 0 119 11
119 13 119 24
119 45 119 56
120 5 120 16
120 25 120 36
120 36 120 47
120 47 120 58
121 1 121 12
121 33 121 44
121 44 121 55
122 0 122 11
122 11 122 22
122 22 122 33
122 38 122 49
122 49 122 60
123 4 123 15
123 27 123 38
123 38 123 49
123 49 123 60
124 0 124 11
124 16 124 27
124 27 124 38
124 38 124 49
125 0 125 11
125 25 125 36
125 36 125 47
126 18 126 29
126 45 126 56
127 0 127 11
127 11 127 22
127 27 127 38
128 8 128 19
128 23 128 34
128 34 128 45
128 45 128 56
129 4 129 15
129 15 129 26
129 26 129 37
129 37 129 48
129 48 129 59
130 15 130 26
130 26 130 37
130 40 130 51
131 0 131 11
131 11 131 22
131 35 131 46
131 46 131 57
133 0 133 11
133 11 133 22
133 25 133 36
133 36 133 47
134 12 134 23
134 29 134 40
134 42 134 53
135 0 135 11
135 20 135 31
135 31 135 42
136 15 136 26
136 41 136 52
137 1 137 12
137 12 137 23
137 30 137 41
137 42 137 53
138 2 138 13
138 13 138 24
138 34 138 45
138 45 138 56
139 4 139 15
139 15 139 26
139 26 139 37
140 0 140 11
140 19 140 30
141 1 141 12
141 12 141 23
141 27 141 38
141 38 141 49
141 49 141 60
142 0 142 11
142 16 142 27
142 30 142 41
142 41 142 52
143 0 143 11
143 12 143 23
143 23 143 34
143 38 143 49
144 0 144 11
144 11 144 22
144 28 144 39
144 41 144 52
145 0 145 11
145 11 145 22
145 29 145 40
145 40 145 51
146 1 146 12
146 12 146 23
146 23 146 34
146 34 146 45
146 45 146 56
147 1 147 12
147 12 147 23
147 23 147 34
147 49 147 60
148 3 148 14
148 14 148 25
148 25 148 36
148 40 148 51
149 0 149 11
149 11 149 22
149 22 149 33
149 33 149 44
149 45 149 56
150 2 150 13
150 20 150 31
150 31 150 42
150 42 150 53
151 10 151 21
151 21 151 32
151 34 151 45
152 1 152 12
152 15 152 26
152 31 152 42
152 42 152 53
153 9 153 20
153 32 153 43
153 43 153 54
154 0 154 11
154 15 154 26
154 37 154 48
154 48 154 59
155 7 155 18
155 18 155 29
155 29 155 40
155 40 155 51
156 22 156 33
156 35 156 46
157 7 157 18
157 24 157 35
157 42 157 53
158 5 158 16
158 16 158 27
158 30 158 41
158 41 158 52
159 1 159 12
159 12 159 23
159 23 159 34
159 34 159 45
159 45 159 56
160 0 160 11
160 11 160 22
160 23 160 34
160 34 160 45
160 49 160 60
161 34 161 45
161 49 161 60
162 0 162 11
162 12 162 23
162 40 162 51
163 0 163 11
163 11 163 22
163 22 163 33
163 33 163 44
164 0 164 11
164 46 164 57
165 1 165 12
165 20 165 31
165 33 165 44
165 49 165 60
166 0 166 11
166 11 166 22
166 22 166 33
166 34 166 45
166 45 166 56
167 0 167 11
167 12 167 23
167 23 167 34
167 34 167 45
168 0 168 11
168 11 168 22
168 22 168 33
168 33 168 44
169 0 169 11
169 26 169 37
169 37 169 48
169 48 169 59
170 8 170 19
170 21 170 32
170 35 170 46
170 46 170 57
171 0 171 11
171 22 171 33
171 36 171 47
172 5 172 16
172 34 172 45
173 0 173 11
173 11 173 22
173 42 173 53
174 0 174 11
174 17 174 28
174 28 174 39
175 3 175 14
175 15 175 26
175 26 175 37
175 37 175 48
175 48 175 59
176 0 176 11
176 13 176 24
176 24 176 35
176 35 176 46
176 48 176 59
177 5 177 16
177 16 177 27
177 44 177 55
178 0 178 11
178 15 178 26
178 32 178 43
178 43 178 54
179 15 179 26
179 26 179 37
179 48 179 59
